0 0.1692578125 0.6215625 0.07624999999999998 0.0973046875000001
0 0.2753125 0.55921875 0.08742187499999998 0.10656250000000012
0 0.3957421875 0.6690234375 0.08835937500000002 0.08058593749999998
0 0.46875 0.4852734375 0.09113281249999994 0.1055859375
0 0.62734375 0.6680859375 0.07160156249999994 0.1233984374999999
0 0.51015625 0.734609375 0.11624999999999996 0.0946093750000001
0 0.6119921875 0.5555078125 0.10230468749999999 0.08796874999999993
0 0.6208203125 0.4662109375 0.09207031249999997 0.087890625
0 0.732421875 0.6071484375 0.11441406250000008 0.07402343749999996
0 0.7087109375 0.7071875 0.07624999999999993 0.1233984374999999
0 0.49152343750000005 0.572734375 0.10136718749999996 0.06097656250000005