0 0.364296875 0.5496484375 0.041054687499999964 0.07558593750000009
0 0.3564453125 0.6394140625 0.02816406250000003 0.08328124999999997
0 0.4094140625 0.5334375 0.04249999999999998 0.06320312500000003
0 0.448359375 0.64734375 0.05441406250000003 0.076171875
0 0.397265625 0.665703125 0.0439453125 0.05558593750000007
0 0.312734375 0.6253515625 0.041054687499999964 0.07808593750000004
0 0.2712109375 0.597421875 0.038203125000000004 0.07089843749999991
0 0.5233203125 0.526015625 0.03246093750000001 0.06847656250000012
0 0.5505078125 0.6337109375 0.035351562500000044 0.06328124999999996
0 0.46609375 0.550234375 0.03835937499999997 0.05402343749999994
0 0.2669140625 0.4957421875 0.03671875000000002 0.06992187499999991
0 0.5685546875 0.558828125 0.04246093750000002 0.0711718750000001
0 0.6456640625 0.6378515625 0.035117187500000036 0.07000000000000006
0 0.5146484375 0.7396875 0.04734375000000002 0.08027343750000004
0 0.3922265625 0.740703125 0.04734375000000002 0.07988281249999996